r_buf[0] = 0.000000
r_buf[1] = 4.000000
r_buf[2] = 8.000000
r_buf[3] = 12.000000
r_buf[4] = 16.000000
r_buf[5] = 20.000000
r_buf[6] = 24.000000
r_buf[7] = 28.000000
r_buf[8] = 32.000000
r_buf[9] = 36.000000
